# Created by Octave 10.1.0, Sun Apr 27 00:22:48 2025 UTC <unknown@DESKTOP-CGR299Q>
# name: tamanos
# type: matrix
# rows: 1
# columns: 4
 50 100 200 500


# name: tiempos
# type: matrix
# rows: 4
# columns: 1
 0.013777971267700195
 0.043408870697021484
 0.1128849983215332
 1.4587249755859375


# name: iteraciones
# type: matrix
# rows: 4
# columns: 1
 324
 712
 1000
 1000


# name: errores
# type: matrix
# rows: 4
# columns: 1
 4.8854272749512098e-07
 4.9293700423007337e-07
 4.1808342742496328e-05
 0.011244836615295567


# name: memorias
# type: matrix
# rows: 4
# columns: 1
 4
 12
 576
 4


# name: perturbaciones
# type: matrix
# rows: 1
# columns: 4
 0.01 0.050000000000000003 0.10000000000000001 0.20000000000000001


# name: iter_perturb
# type: matrix
# rows: 4
# columns: 1
 706
 702
 712
 849


# name: tiempo_perturb
# type: matrix
# rows: 4
# columns: 1
 0.042012929916381836
 0.042577028274536133
 0.041299819946289062
 0.049442052841186523


# name: error_perturb
# type: matrix
# rows: 4
# columns: 1
 4.8595485329816704e-07
 4.8559801052486676e-07
 4.9198736817460254e-07
 4.9250458228702362e-07


# name: convergencia
# type: matrix
# rows: 4
# columns: 1
 1
 1
 1
 1


