# Created by Octave 10.1.0, Sun Apr 27 00:25:02 2025 UTC <unknown@DESKTOP-CGR299Q>
# name: A
# type: matrix
# rows: 50
# columns: 50
 0.46703719392887239 7.2603394679495459 1.4022353426893841 0.26456143420727884 1.7193472090082329 1.9533163721361158 8.8575574558843932 1.0057372910828966 8.9577787283101475 0.62899449381157102 2.050327716790453 4.5525458994418466 3.756205807467369 4.3401253987279089 8.9779452778216609 0.13899775340318277 1.2446973329829147 7.7189377563042463 3.5076974457354391 3.4484132853804725 8.2994169255871011 5.6467705542492403 8.6731837870834347 9.4779064536393758 1.0563678683609745 1.8458067807766199 2.4365713326374152 6.4777721971615918 4.1809599181806476 6.826184538095176 9.2977853017229837 9.3423051388121312 6.0468356945006372 9.486968852955231 2.370551128313052 0.66614066389220405 2.5067434337962249 8.493167339700431 1.307968575311258 1.7479898596420829 3.1011714549342506 4.7547543819151183 9.9204303326364229 4.2850096269312719 6.4757653735295495 7.4118744122752709 6.1814287558643599 0.64687382803312654 9.8112583761212715 0.84748911007918593
 5.4573140736464998 0.46632932521632264 8.871074665216641 7.87596653290049 1.9231410794201753 5.1607248511323203 5.9618087727520113 7.016043906498501 7.3574386024481182 1.4689178245294132 2.5648304472657246 4.3324951670166918 9.6035575455233442 9.9256034558262733 7.6667261270786691 4.2416129460400418 3.1916936122134922 5.5854041971947819 9.6754344166167066 0.6114618226654589 1.2810515745369344 6.8870663899164342 9.3380891542082125 6.4794683741874035 0.41150234217468218 0.15197012189225201 0.12703533872803208 4.106154402606446 0.48498502856646697 3.1578088989982245 1.6466317572759792 1.0595054679375249 0.90717369732104869 3.6643917789132932 5.4544113889990529 3.4149117513408243 8.7020902634744761 1.2533937543568896 9.3319417929653952 6.0620726617168454 0.085073679996311435 6.6739790273623196 0.37085326530687746 0.52252465023950423 9.4272193307968379 1.2131088861625916 1.0025126152710828 6.4383459391461262 8.4072898183526643 8.7796422611804008
 9.3926895409061846 1.7537918742630065 0.56428268714415053 9.9737480607006734 9.0991352592948118 4.5331861467599586 3.529207813838342 8.4677366539128922 8.7825922526221483 9.735443403272221 5.7085651482299449 0.87509033381425683 6.6579306566212395 8.0574174075228839 9.4508178342163287 6.9052171518042007 7.6503681567378461 2.9286616369407703 7.8864937699291993 1.0680253324099287 6.4186744299522802 6.9042782303947021 2.7958313121174152 8.2776326619341631 0.41020442392245893 7.1545643222652364 6.8128252748747968 3.4521729233995977 5.6633574581891564 9.6673258961765569 4.9558925658216948 7.9602325622327665 0.94142570226109834 6.9637073842020207 9.9445583067200776 7.6363038082752528 6.4773725699783977 6.5061819219749415 2.767922663998065 4.1322528404929439 4.8899223845022561 3.3568657316352732 1.9210913776986793 7.0093483575298308 7.4862954661477668 7.7375441819583841 4.259583446022555 2.088017898912764 1.3285109017264607 3.228213707299219
 4.8519994166701181 3.911954804237979 7.2954689669501391 0.45468090311319814 8.1756180209278391 6.4113875274183307 8.9455519560596706 1.0486253088265374 6.5641154251537737 8.2888548533648088 3.0998824748676235 0.19223872480301885 6.788786978063575 7.10069632701516 7.349009564536968 6.9672282080157188 2.5796175134724386 8.4147116578321963 6.4081936820147227 2.0614472355445965 9.7869208506745231 3.0217946324162828 3.0662058684237117 6.607035970610494 5.3654154585793137 4.3106419635235049 8.2190078734726804 4.2737686203894754 9.8059486508093805 0.88038992300125574 1.6383813541772274 0.85589962263471042 8.2292809960209237 6.6952604354450242 1.2581457643190364 0.26026036033483191 1.8859882941373385 2.1431732237415702 3.3416296392812339 5.0727943822967223 1.3594591574866655 1.8356887916411901 0.72776483127212965 4.3794135678273154 0.11678162644600198 0.60950873492582325 7.5137567528222773 7.6384180724717767 8.9472880205581706 0.32708703784398496
 4.3655063139435866 3.749064983112298 5.8875634000217278 1.8577884680228407 0.46128225952759783 5.0924649473376435 3.5155421892035985 6.6817499752660012 9.2604445465969789 4.4314710167068361 0.24058571602244339 3.5168389191711324 0.81560420859706495 8.8224661533507351 1.3925829671341206 0.095596596457383498 0.6959688888615323 9.8331968034223678 6.2888687850261604 3.1096254015907423 0.44816807926974733 1.2745718627894032 1.4322129859357824 8.2736945873109491 5.4160753044539458 7.1468757752968965 0.68072057921098494 9.8450305797488316 1.8488743653411222 8.498345160072498 9.7492978103497716 7.1469443375718704 5.2127266479617864 2.0087118466436369 4.0907121319633575 6.0385745778641287 0.51620237915933398 7.1821010135766041 7.7767764744830714 7.4879176362923303 3.2518300644455755 0.5501847746295474 3.775545420068168 9.5330824208397384 1.8072033990924108 6.3041619011570393 6.7958255601680708 6.0040411149572837 2.0026568196242933 7.0947055754280486
 1.3318702649192338 9.6916382255822757 4.7081267537918059 9.7681805180640655 1.0921086886090925 0.54456511131919383 9.516745344126802 4.1835696562513602 0.59188898623137365 3.4174602775394494 3.4798757606815967 6.8103599889892097 3.2498430102162801 2.8296484526863095 4.3359324884812427 8.3751670529829774 0.44838115942269829 1.1287268625534019 5.7451538753344966 0.94172812850486287 6.8922079333768451 9.4982922985085239 5.5814973553671532 1.3109306592653669 6.8955307863229054 1.7352161527881638 0.93567944793717217 4.597539309137276 5.1108935830148559 8.6572547932954436 2.7137895767516773 3.5533772646185335 9.248361986273343 8.5771061323867173 3.2272616503866223 9.8284333317965444 5.0575610836563198 8.2272228651675228 5.5196292456016005 7.3461733804985201 9.9302767245749486 3.158639292813131 4.6414602966745626 8.8321433193676135 8.0745556964872804 4.9101919073185405 9.9674624592685497 9.8261036758600255 4.5406558276367228 4.8234522891912937
 3.1495882816065301 8.3041607800565469 4.41452081397368 1.6290561373550505 6.6670848274270265 0.78390012001445464 0.47060296574769178 4.7900335462109522 0.65894317408576208 1.3686855109724028 0.61624493935185432 5.3990993431211898 1.9947562442164202 8.4417087698229736 7.1965022534229348 3.4358094150368865 1.7385457472750288 9.6257666217518416 8.9096902784125795 7.9160513787585174 8.2666173873091111 6.4789248109666175 4.430237437548147 4.7859589716791175 3.2993778691961406 6.8990270710418153 1.984754790335449 5.0428714355428648 8.2782532916056457 1.548499886421999 6.2250999494537229 9.6112771620789452 5.1059282163985742 1.318119390063589 9.1961623702872171 3.5689333284983871 5.0470854380887911 0.69374263077449205 0.13527287904359975 1.1514007758654987 7.39739600686661 4.9562738372420725 9.1836872226771007 7.6509268797069812 0.17047936761831917 4.1418089001582299 3.8684341335810712 3.3213486190901631 8.7769180580007085 0.060053604655637693
 9.5664571895180313 3.2099190769476382 7.6390004988903959 4.2692777708936314 4.4149944104266137 0.8846403580020934 8.5845913033421919 0.52988162085809054 8.0865831671907937 6.8061663937224059 7.9287408805469894 8.4129805536893638 2.809068285255182 7.8964906031777895 5.4822699989862631 2.2754368363075752 1.8207694505014194 4.4625507586738866 1.4545401143530079 5.849016297729003 8.5660904010217678 5.1482916569708523 1.7522608579527044 4.9700237223936359 5.507265010981631 2.2743948018150508 6.3435732595344332 0.81248116286761984 9.2765482109754895 7.4508622016187918 3.2673081173109342 2.1573556725737131 8.3693950174320584 9.4814266480440086 3.5111985777757635 1.7840611359038427 9.3401956207586405 6.5398096398043766 0.042337105092918881 1.1235275785391607 2.8624984821689425 3.7254934296372602 0.11907865241512883 7.9668163048030376 8.379780870646016 7.8312458066746533 9.1373452855883723 7.8679822581405254 9.2189694323174738 6.4116596474832921
