# Created by Octave 10.1.0, Sun Apr 27 00:22:46 2025 UTC <unknown@DESKTOP-CGR299Q>
# name: A
# type: matrix
# rows: 50
# columns: 50
 25.898607530830404 0.25658570092423516 0.86955327150352524 0.1611861472774011 0.95715186000375441 0.73283939416860489 0.41180862021430487 0.65640108088461013 0.82384196710425817 0.51656037725996695 0.89037694676394574 0.73075684846970779 0.96069894527930011 0.31425056204610113 0.37900019354355718 0.098744886573218227 0.3922443314851155 0.053723468350944437 0.63868726790519081 0.25367654860781441 0.57831364149780473 0.56419935193560899 0.4561302881058279 0.041918485848888243 0.97113273223530505 0.42213933980651541 0.88178814072087441 0.054808947495248672 0.048619524818480198 0.1523805683266678 0.30288850857841665 0.53554938131018326 0.17429589258310352 0.62765220220438589 0.54124545270532176 0.8989699166197187 0.078770327437880483 0.96572471078523248 0.44859288514931162 0.68034768582271432 0.15984865515741864 0.76885391491451538 0.33397360670700116 0.4941519909128278 0.50191315551289339 0.98443991893950122 0.049040098182196123 0.7836093006141378 0.81607551020685365 0.19818415272990597
 0.062285147635500859 27.0516170699795 0.73323668430272693 0.75574690282214374 0.054250692980781667 0.37954183070786063 0.13255697523818999 0.93425718684072967 0.089478570592396722 0.98596395335927522 0.82000974034853458 0.19594669407845544 0.047122454122864421 0.70015819724082939 0.8322663040347732 0.78615375381380048 0.97691114724191708 0.57403324971879954 0.79547366550038467 0.93850787693849258 0.2506902570400823 0.17114010687949666 0.31089395416743293 0.12687409567068264 0.92354386509962572 0.62193360632631123 0.67011382388432006 0.78641121794429802 0.50697141324358763 0.56010481680808955 0.63274331386198879 0.33078899408768425 0.7032293448989273 0.93979889596144206 0.95248656655260067 0.46494520652644022 0.37439614029048784 0.74506249783481104 0.075024357875839276 0.44236043079688703 0.26921362518195402 0.31993821178265736 0.38120975794758294 0.94320052342550709 0.27635446136780661 0.64297777823324742 0.0097882913488600565 0.83537020968500442 0.32792357397089045 0.96549596637923341
 0.9554479553535663 0.59233343829819851 24.411464613998266 0.19502644839616901 0.55380156783572043 0.58699631564923771 0.96461992108032246 0.064524116576415991 0.61477434231345884 0.52498259648050316 0.8725601990663473 0.6775955859595445 0.6024249344562056 0.80431050783682434 0.085389353929799294 0.29135402110790132 0.12149794681926984 0.91204453253175166 0.62416262708858505 0.7128915541820795 0.10406533976998011 0.75182325140852913 0.53760565324128706 0.3540647754748214 0.90976852897538274 0.076553200300383373 0.86904060167195485 0.42657794898992474 0.5019284408592517 0.18013856550742635 0.16063304242712351 0.39709614315940245 0.95025300284813341 0.0060019666718250653 0.49474258037588981 0.09464338490596802 0.86497627955696565 0.02428533626158691 0.34368817801418228 0.26920627454442869 0.3763927809826918 0.098306609434209213 0.53124967758499064 0.37534612497554076 0.59096748391548481 0.28355534031463692 0.43978520456067993 0.16024850529706236 0.99370709448550609 0.88340479088895973
 0.38760647245850488 0.66498525282490761 0.98206684295057889 21.405883628126318 0.73591524556142729 0.037890152320512183 0.63801386222909917 0.4833811050857848 0.38464402198195469 0.24980140704931864 0.81350035283546829 0.23254534067144328 0.58846712176577665 0.87217653762277281 0.30829284301450222 0.076821219172736543 0.63126328327895009 0.53580025245078333 0.17916920820966797 0.86419377096765282 0.36237881930099314 0.81201480681272775 0.17635476102353154 0.32381727132854987 0.21262029151503425 0.03188798600962961 0.46214015062343294 0.025926565601840257 0.36988056368270628 0.16035369524369936 0.54147340182241799 0.41011041495416356 0.0028564623920116494 0.98233075748330823 0.42135162271854343 0.3656437037619239 0.11558609286965671 0.052702243946624483 0.51558921293989413 0.69763163497986302 0.12297873633356593 0.14778952511485632 0.23409466743150087 0.018252752450692578 0.35853255005613049 0.14049114340835944 0.76818462766469986 0.51848890099442257 0.41506275222201927 0.71961599724351033
 0.68108437327872451 0.19992608216769847 0.25449705926695843 0.20326778369060816 25.927219314286774 0.34381448564668093 0.76942844730223892 0.6161466763000446 0.5574044136817945 0.9796439905452099 0.24515948671325261 0.96567896345326465 0.73252858194659154 0.96865561276436918 0.52827875814671832 0.44372212779289799 0.68060310786393752 0.52992603783427517 0.55992363342514384 0.8113490267797826 0.19540390290857856 0.42700062306538733 0.022343263052340134 0.34202960401113991 0.37382213997572078 0.47930575925849705 0.17677259447431204 0.99217236482941307 0.44378591810431134 0.10534871167090987 0.73950454909815366 0.73218366979814264 0.40878683901044977 0.26461130703344693 0.15080392139264209 0.80967103724337708 0.4767084741268276 0.59513546549866736 0.14708652728001037 0.65822589061046699 0.065509061484394282 0.065613801089658308 0.49282760619460408 0.18440696000988821 0.4641168569818197 0.79410732961425956 0.26999556318510243 0.73682209797749842 0.61884606165129308 0.66227023461705348
 0.14008656238671957 0.72806380892579092 0.25417322569405365 0.78140550996226277 0.97378251443055264 26.881306109625545 0.44521571194394582 0.97725299092867235 0.62688675596608956 0.74190355004907693 0.3797962468850411 0.99128527342234229 0.76692163824199822 0.43198645868702223 0.73622745176803472 0.60412485525405701 0.0068832320738551056 0.36546734011852688 0.93149430206085126 0.22802856186750398 0.69658488572174959 0.35367534151319746 0.39863433077610877 0.74289485819404344 0.60622580091040201 0.5575442827578001 0.18906500023406747 0.088485100869363231 0.99609520789391925 0.3519668858201952 0.95500340348030255 0.39101797178498976 0.52602915305907705 0.058575933513520972 0.33607060665551181 0.22519380085638063 0.13439840290257665 0.93132011943870063 0.41813128287508305 0.3944894508315282 0.22963285178527804 0.44636495031564427 0.86031039041839075 0.21330764383609702 0.91116255380556499 0.4708516672392089 0.34469307124582149 0.73128826913553857 0.82368404280363849 0.11199133362936531
 0.76518507590260754 0.17230392333220934 0.39019978860994697 0.31989995266227267 0.15227400906620303 0.35342407718995938 21.476034228070088 0.10051872906931303 0.18285117394250827 0.072220400091420611 0.57904037181922363 0.48938887028969458 0.95499686146608176 0.059542553515235297 0.51816527549218117 0.57060951755513734 0.28291297388127312 0.068516471341948271 0.89711181319584032 0.26122690796850823 0.054091822171410731 0.63482717442664804 0.71137086221843659 0.88106841104611211 0.80658224767697662 0.10940350846205127 0.37516914318415739 0.76853783860061187 0.43863141827551733 0.98186700708070473 0.9195500692879135 0.19503443006601162 0.33804583568038626 0.55698743106048576 0.73547680701893425 0.62206198384674249 0.75450354073096182 0.27813482106088572 0.75200217952752502 0.04298647265914235 0.17716335126067362 0.062752504635529394 0.12159911181634742 0.33272427386720993 0.72227494752416832 0.96524378639535924 0.070232253733240713 0.3962145529486798 0.3664871124694512 0.065031442533207473
