# Created by Octave 10.1.0, Mon May 05 23:50:44 2025 UTC <unknown@DESKTOP-CGR299Q>
# name: tamanos
# type: matrix
# rows: 1
# columns: 4
 50 100 200 500


# name: tiempos
# type: matrix
# rows: 4
# columns: 1
 0.018815040588378906
 0.039414167404174805
 0.1063380241394043
 1.3049070835113525


# name: iteraciones
# type: matrix
# rows: 4
# columns: 1
 329
 659
 1000
 1000


# name: errores
# type: matrix
# rows: 4
# columns: 1
 4.8532602119409748e-07
 4.886881571278484e-07
 2.4577075323421185e-05
 0.01285180833934651


# name: memorias
# type: matrix
# rows: 4
# columns: 1
 40
 172
 388
 0


# name: perturbaciones
# type: matrix
# rows: 1
# columns: 4
 0.01 0.050000000000000003 0.10000000000000001 0.20000000000000001


# name: iter_perturb
# type: matrix
# rows: 4
# columns: 1
 720
 695
 776
 635


# name: tiempo_perturb
# type: matrix
# rows: 4
# columns: 1
 0.043044805526733398
 0.041493892669677734
 0.04596400260925293
 0.038305044174194336


# name: error_perturb
# type: matrix
# rows: 4
# columns: 1
 4.8624975502427444e-07
 4.900202846406005e-07
 4.8919135041515888e-07
 4.8510238219533616e-07


# name: convergencia
# type: matrix
# rows: 4
# columns: 1
 1
 1
 1
 1


